20
61  8  9 16 17 24 28 32 35 38 39 40 42 44 48 57 70 73 76
62  1 21 22 24 25 31 32 36 59 60 65 72 73 78 83 86 87 90
63  1  4  7 10 20 21 32 34 47 52 56 58 61 64 72 76 86 89
64 12 15 21 22 31 40 42 44 45 55 57 62 64 66 70 71 80 82
65  1  2  4  5  9 16 17 18 21 27 37 48 57 61 65 76 82 88
66  5  6 14 17 21 25 39 41 42 49 51 52 63 67 72 74 77 83
67  7 13 23 24 25 26 31 38 42 43 50 52 59 69 70 72 79 88
68  1  3  5  8 12 17 21 27 29 35 38 46 56 58 80 81 87 90
69  2  5  9 13 14 20 21 22 26 39 44 45 52 60 69 72 75 86
70  5  8 29 34 35 36 50 53 59 69 72 77 78 81 85 88 89 90
71  5  7 14 19 26 28 45 47 48 50 52 54 62 63 68 73 84 87
72  1  3 16 17 24 26 37 42 45 47 56 61 63 66 73 76 80 84
73  1 10 11 18 21 25 26 28 30 32 35 41 46 60 65 68 81 90
74  5 10 11 12 13 27 28 31 38 40 41 48 49 65 68 69 81 86
75 19 28 33 38 39 43 47 51 54 58 59 61 67 69 73 76 83 89
76  7 13 15 17 26 36 39 49 50 53 56 58 59 60 61 64 72 83
77  2  3  6  7  8 22 25 26 44 47 53 61 66 68 70 73 81 84
78  6  8 10 11 31 41 50 51 61 64 65 67 71 73 77 83 85 87
79  1 17 21 23 29 31 36 38 50 52 58 62 69 74 76 83 85 89
80 12 13 24 25 31 35 42 45 46 53 56 63 68 72 73 83 84 88