10
61  8  9 16 17 24 28 32 35 38 39 40 42 44 48 57 70 73 76
62  1 21 22 24 25 31 32 36 59 60 65 72 73 78 83 86 87 90
63  1  4  7 10 20 21 32 34 47 52 56 58 61 64 72 76 86 89
64 12 15 21 22 31 40 42 44 45 55 57 62 64 66 70 71 80 82
65  1  2  4  5  9 16 17 18 21 27 37 48 57 61 65 76 82 88
66  5  6 14 17 21 25 39 41 42 49 51 52 63 67 72 74 77 83
67  7 13 23 24 25 26 31 38 42 43 50 52 59 69 70 72 79 88
68  1  3  5  8 12 17 21 27 29 35 38 46 56 58 80 81 87 90
69  2  5  9 13 14 20 21 22 26 39 44 45 52 60 69 72 75 86
70  5  8 29 34 35 36 50 53 59 69 72 77 78 81 85 88 89 90
